0 0 0 0 0 
0 0 0 0 19
0.0512 0 0 0 0 
0 0 0 0 18
2.0512 0 0 0 0 
0 0 0 0 91
2.0516 0 0 0 0 
0 0 0 0 81
2.0516 0 0 0 0 
0 0 0 512 99
2.0516 0 0 0 0 
0 0 0.0512 512 98
2.0516 0 0 0 0 
0 0 0.0512 514 55
2.0516 0 0 0 0 
0 0 0.0512 514 65
2.0516 0 0 0 32 
0 0 0.0512 514 44
2.0516 0 0 0 32 
0.0032 0 0.0512 514 54
2.0516 0 0 64 32 
0.0032 0 0.0512 514 46
2.0516 0 0 64 32.0064 
0.0032 0 0.0512 514 45
2.0516 0 0 80 32.0064 
0.0032 0 0.0512 514 33
2.0516 0 0 80.0032 32.0064 
0.0032 0 0.0512 514 34
512.026 0 8 80.0032 32.0016 
0.0032 0 0.0002 514.026 37
2.0516 0 128.006 80.0032 32.0064 
0.0032 0 0.0512 514 36
2.0516 0 136.006 80.0032 32.0064 
0.0032 0 0.0512 514 48
2.0516 0 136.008 80.0032 32.0064 
0.0032 0 0.0512 514 47
2.0516 0 136.008 84.0032 32.0064 
0.0032 0 0.0512 514 39
2.0516 0 136.008 84.004 32.0064 
0.0032 0 0.0512 514 38
2.0516 0 138.008 84.004 32.0064 
0.0032 0 0.0512 514 59
2.0516 0 138.008 84.004 32.0064 
0.0032 0 0.0512 514 58
2.0516 0 138.008 84.004 34.0064 
0.0032 0 0.0512 514 79
2.0516 0 138.008 84.004 34.0068 
0.0032 0 0.0512 514 69
2.0516 0 138.008 84.004 34.0068 
0.0032 2 0.0512 514 77
2.0516 0 138.008 84.004 34.0068 
0.0034 2 0.0512 514 67
2.0516 0 138.008 84.004 34.0068 
0.0034 10 0.0512 514 88
2.0516 0 138.008 84.004 34.0068 
0.0042 10 0.0512 514 78
2.0516 0 138.008 84.004 34.0068 
0.0042 10 4.0512 514 86
2.0516 0 138.008 84.004 34.0068 
0.0042 10.0004 4.0512 514 87
2.0516 0 138.008 84.004 34.0068 
0.0042 10.0004 20.0512 514 95
2.0516 0 138.008 84.004 34.0068 
0.0042 10.0004 20.052 514 96
2.0516 0 138.008 84.004 34.0068 
0.0042 10.0004 20.052 546 84
2.0516 0 138.008 84.004 34.0068 
0.0042 10.0004 20.052 546.002 85
2.0516 0 138.008 84.004 34.0068 
0.0042 10.0004 84.052 546.002 64
2.0516 0 138.008 84.004 34.0068 
0.0042 10.0004 84.0552 546.002 74
2.0516 0 138.008 84.004 34.0068 
64.0042 10.0004 84.0552 546.002 22
2.0516 0 138.008 84.004 34.0068 
64.0042 10.0068 84.0552 546.002 66
2.0516 256 138.008 84.004 34.0068 
64.0042 10.0068 84.0552 546.002 82
2.0516 256 138.008 84.004 34.0068 
64.0058 10.0068 84.0552 546.002 73
2.0516 256 138.008 84.004 34.0068 
64.0058 10.0068 340.055 546.002 24
2.0516 256 138.008 84.004 34.0068 
64.0058 10.0196 340.055 546.002 83
2.0516 320 138.008 84.004 34.0068 
64.0058 10.0196 340.055 546.002 13
2.0516 320 138.008 84.004 34.0068 
64.0058 10.0196 340.068 546.002 14
130.052 320 138.008 84.004 34.0068 
64.0058 10.0196 340.068 546.002 26
130.058 320 138.008 84.004 34.0068 
64.0058 10.0196 340.068 546.002 25
130.058 336 138.008 84.004 34.0068 
64.0058 10.0196 340.068 546.002 17
130.058 336.003 138.008 84.004 34.0068 
64.0058 10.0196 340.068 546.002 16
138.058 336.003 138.008 84.004 34.0068 
64.0058 10.0196 340.068 546.002 42
138.06 336.003 138.008 84.004 34.0068 
64.0058 10.0196 340.068 546.002 32
138.06 336.003 138.008 340.004 34.0068 
64.0058 10.0196 340.068 546.002 51
138.06 336.003 138.034 340.004 34.0068 
64.0058 10.0196 340.068 546.002 41
138.06 336.003 138.034 340.004 546.007 
64.0058 10.0196 340.068 546.002 62
138.06 336.003 138.034 340.055 546.007 
64.0058 10.0196 340.068 546.002 52
138.06 336.003 138.034 340.055 546.007 
320.006 10.0196 340.068 546.002 72
138.06 336.003 138.034 340.055 546.032 
320.006 10.0196 340.068 546.002 21
138.06 336.003 138.034 340.055 546.032 
320.006 266.02 340.068 546.002 12
648.034 84.0034 648.034 340.016 546.028 
20.0736 644.028 340.017 546.032 93
652.034 84.0034 648.034 340.016 546.028 
20.0736 644.028 340.017 546.032 23
652.034 84.0034 648.034 340.016 546.028 
20.0736 644.028 340.017 546.033 15
652.034 92.0034 648.034 340.016 546.028 
20.0736 644.028 340.017 546.033 27
652.037 92.0034 648.034 340.016 546.028 
20.0736 644.028 340.017 546.033 53
652.037 220.003 648.034 340.016 546.028 
20.0736 644.028 340.017 546.033 29
394.063 472.054 138.034 340.055 546.045 
320.006 266.02 340.068 546.015 57
394.063 474.054 138.034 340.055 546.045 
320.006 266.02 340.068 546.015 49
394.063 474.054 138.034 340.055 546.046 
320.006 266.02 340.068 546.015 68
394.063 474.054 138.034 342.055 546.046 
320.006 266.02 340.068 546.015 61
394.063 474.054 138.034 342.055 546.046 
320.006 266.02 340.068 546.015 75
394.063 474.054 138.034 342.055 546.046 
832.006 266.02 340.068 546.015 63
394.063 474.054 138.034 342.055 546.046 
832.006 266.023 340.068 546.015 28
0 0 0 0 0 
0 0 0 0 12
2 0 0 0 0 
0 0 0 0 19
2.0004 0 0 0 0 
0 0 0 0 18
514.026 0 0 0 0 
0 0 0 0 91
514.026 0 0 0 0 
0 0 0 0 81
514.026 0 0 0 0 
0 0 0 512 99
514.026 0 0 0 0 
0 0 0.0512 512 98
514.026 0 0 0 0 
0 0 0.0512 514 55
514.026 0 0 0 0 
0 0 0.0512 514 65
514.026 0 0 0 32 
0 0 0.0512 514 44
514.026 0 0 0 32 
0.0032 0 0.0002 514.026 54
514.026 0 0 16 32 
0.0032 0 0.0002 514.026 46
514.026 0 0 64 32.0064 
0.0032 0 0.0512 514 45
514.026 0 0 80 32.0064 
0.0032 0 0.0512 514 33
514.026 0 0 80.0032 32.0016 
0.0032 0 0.0002 514.026 34
514.026 0 8 80.0032 32.0016 
0.0032 0 0.0002 514.026 37
514.026 0 8.0016 80.0032 32.0016 
0.0032 0 0.0002 514.026 36
514.026 0 136.006 80.0032 32.0064 
0.0032 0 0.0512 514 48
514.026 0 136.008 80.0032 32.0064 
0.0032 0 0.0512 514 47
514.026 0 136.008 84.0032 32.0064 
0.0032 0 0.0512 514 39
514.026 0 136.008 84.004 32.0064 
0.0032 0 0.0512 514 38
514.026 0 138.008 84.004 32.0064 
0.0032 0 0.0512 514 59
514.026 0 138.008 84.004 32.0064 
0.0032 0 0.0512 514 58
514.026 0 138.008 84.004 34.0064 
0.0032 0 0.0512 514 79
514.026 0 138.008 84.004 34.0068 
0.0032 0 0.0512 514 69
514.026 0 138.008 84.004 34.0068 
0.0032 2 0.0512 514 77
514.026 0 138.008 84.004 34.0068 
0.0034 2 0.0512 514 67
514.026 0 138.008 84.004 34.0068 
0.0034 10 0.0512 514 88
514.026 0 138.008 84.004 34.0068 
0.0042 10 0.0512 514 78
514.026 0 138.008 84.004 34.0068 
0.0042 10 4.0512 514 86
514.026 0 138.008 84.004 34.0068 
0.0042 10.0004 4.0512 514 87
514.026 0 138.008 84.004 34.0068 
0.0042 10.0004 20.0512 514 95
514.026 0 138.008 84.004 34.0068 
0.0042 10.0004 20.052 514 96
514.026 0 138.008 84.004 34.0068 
0.0042 10.0004 20.052 546 84
514.026 0 138.008 84.004 34.0068 
0.0042 10.0004 20.052 546.002 85
514.026 0 138.008 84.004 34.0068 
0.0042 10.0004 84.052 546.002 64
514.026 0 138.008 84.004 34.0068 
0.0042 10.0004 84.0552 546.002 74
514.026 0 138.008 84.004 34.0068 
64.0042 10.0004 84.0552 546.002 22
514.026 0 138.008 84.004 34.0068 
64.0042 10.0068 84.0552 546.002 66
514.026 256 138.008 84.004 34.0068 
64.0042 10.0068 84.0552 546.002 82
514.026 256 138.008 84.004 34.0068 
64.0058 10.0068 84.0552 546.002 73
514.026 256 138.008 84.004 34.0068 
64.0058 10.0068 340.055 546.002 24
514.026 256 138.008 84.004 34.0068 
64.0058 10.0196 340.055 546.002 83
514.026 320 138.008 84.004 34.0068 
64.0058 10.0196 340.055 546.002 15
514.026 320 138.008 84.004 34.0068 
64.0058 10.0196 340.068 546.002 14
546.026 320 138.008 84.004 34.0068 
64.0058 10.0196 340.068 546.002 26
546.032 320 138.008 84.004 34.0068 
64.0058 10.0196 340.068 546.002 25
546.032 336 138.008 84.004 34.0068 
64.0058 10.0196 340.068 546.002 42
546.032 336.003 138.008 84.004 34.0068 
64.0058 10.0196 340.068 546.002 32
546.032 336.003 138.008 340.004 34.0068 
64.0058 10.0196 340.068 546.002 51
546.032 336.003 138.034 340.004 34.0068 
64.0058 10.0196 340.068 546.002 41
546.032 336.003 138.034 340.004 546.007 
64.0058 10.0196 340.068 546.002 62
546.032 336.003 138.034 340.055 546.007 
64.0058 10.0196 340.068 546.002 52
546.032 336.003 138.034 340.055 546.007 
320.006 10.0196 340.068 546.002 72
546.032 336.003 138.034 340.055 546.032 
320.006 10.0196 340.068 546.002 93
546.032 336.003 138.034 340.055 546.032 
320.006 266.02 340.068 546.002 17
546.032 336.003 138.034 340.055 546.032 
320.006 266.02 340.068 546.015 28
554.032 336.003 138.034 340.055 546.032 
320.006 266.02 340.068 546.015 16
554.032 336.004 138.034 340.055 546.032 
320.006 266.02 340.068 546.015 13
570.032 336.004 138.034 340.055 546.032 
320.006 266.02 340.068 546.015 21
570.045 336.004 138.034 340.055 546.032 
320.006 266.02 340.068 546.015 53
570.045 848.004 138.034 340.055 546.032 
320.006 266.02 340.068 546.015 29
570.045 848.004 138.034 340.055 546.045 
320.006 266.02 340.068 546.015 57
570.045 850.004 138.034 340.055 546.045 
320.006 266.02 340.068 546.015 43
570.045 850.004 138.034 340.055 546.046 
320.006 266.02 340.068 546.015 68
570.045 850.004 138.034 468.055 546.046 
320.006 266.02 340.068 546.015 61
570.045 850.004 138.034 468.055 546.046 
320.006 266.02 340.068 546.015 75
570.045 850.004 138.034 468.055 546.046 
832.006 266.02 340.068 546.015 92
570.045 850.004 138.034 468.055 546.046 
832.006 266.023 340.068 546.015 31
