42 84 42 4 5120002 
2560000 6720000 3360000 6720000 44
2980512 200256 2660640 40000 2 
4 10 80004 10 91
6500292 800040 1360016 160008 48 
0 0 2 5140256 16
5540256 3400002 1280000 0 32 
0 0 100084 682 82
40514 5200004 40002 20004 0 
256 2720512 160264 2660516 51
5120258 2560128 0 200008 20020 
200002 400004 40008 20516 74
5120258 0 1380084 840040 340064 
32 0 512 5140004 58
2560512 0 0 0 160008 
100020 840034 480078 180032 64
0 0 0 0 640128 
960128 40250 1260000 160042 62
42 84 40034 4 5120002 
2560000 5440256 3360000 6720000 44
640642 324 640 5120256 0 
40002 100000 2760000 5220016 17
10 20004 40000 0 0 
0 840000 6820340 2560170 24
5480258 3200020 1440010 80020 0 
0 0 2580516 5120002 49
2580512 1280256 0 80020 200002 
20020 40040 80004 5160002 74
5140260 0 80000 160040 320080 
160008 1680016 518 5140000 64
20516 2600008 1380000 40066 8 
16 80128 2600128 5120258 47
5940292 2600152 320024 80000 0 
0 5120000 768 1300512 47
