766 5120340 426 2880724 7040026 
3460036 6840000 3400002 7020000 96
1018 20340 684 440338 300704 
7240288 1700256 4680512 6820000 67
6760018 3360012 6920010 3600018 2240540 
1800322 160740 1380276 682 58
6500308 800160 6500084 3400648 20356 
3200154 6500324 840552 5460020 56
6180256 4680002 6800004 3680010 6560108 
2600722 160420 5220340 686 16
1018 20340 684 440338 300704 
7320288 1700256 3400512 6820000 69
5160298 3480160 6400076 3400168 5460276 
200418 6800084 680136 1620788 31
5440322 3360032 1380340 3400552 5460324 
3200058 2660196 3400680 5460148 17
2880640 1280112 7520264 2880208 5600456 
3940596 840290 4320590 5300160 27
1560290 6240396 3260696 3360136 5760384 
3520640 40250 1260000 160042 49
682 5120340 200418 2960724 7040026 
3460164 5560320 3400130 6820000 23
