686 5120340 426 2880724 7040026 
3460036 6840000 3400002 6820000 92
686 5120340 426 4160596 7040026 
3460036 6800004 3400002 6820000 83
6760018 3360012 6920010 3600018 2240532 
520322 676 1380276 682 67
6500308 800160 1380084 840136 20100 
3200154 6500324 840552 5460020 42
5540256 3400002 6800004 3680010 6560108 
2600722 160164 5220340 682 23
938 20340 684 440338 260704 
7240288 1700256 3400512 6820000 58
5160266 2680128 6400076 3400168 5460276 
200418 6800084 680136 1620788 24
5440322 3360032 1380340 3400552 5460068 
640058 100196 3400680 5460020 62
2880640 1280112 7360256 2560192 5600456 
3940596 840290 4320590 5300160 36
2000036 1140140 2760234 840136 180012 
520010 2560760 10080000 640672 28
682 5120340 40162 2960724 7040026 
3460164 5520320 3400002 6820000 34
640650 372 682 6820340 160320 
3400682 6820000 3720000 6500016 58
682 6820340 3400000 340340 840034 
1360084 3360000 6820340 40680 52
938 20340 684 360346 260704 
7240288 4260000 3400512 6820000 98
938 20340 684 440338 260704 
7240288 1700256 3400512 6820000 85
5480258 4480020 1440330 3940116 5760304 
3600148 1280088 3380516 6480066 25
