42 84 42 2560020 6400010 
3200004 6720000 3360000 6720000 17
2980512 200256 2980640 200000 80002 
4 10 80260 650 84
6500308 800160 1380080 840136 96 
0 0 512 5140004 38
5540256 3400002 1680000 640000 32 
0 160 100340 682 64
5120258 2560128 0 3400040 340020 
200034 400020 40008 20516 33
5120258 0 1380084 840040 340068 
42 100000 40512 5140004 78
2560512 0 0 0 480200 
1380084 840034 1760078 180032 72
0 0 0 2560128 5760384 
3520640 40250 1260000 160042 44
42 84 40034 2560020 6400010 
3200004 5440256 3360000 6720000 17
640650 340 648 5120256 0 
40002 1380000 3400000 6500016 39
42 420084 200000 0 0 
0 840000 6820340 2560170 17
5480258 3200020 1440266 2660020 5120000 
4 8 2580516 5120002 62
