702 5120340 426 2880724 7040026 
3460036 6840000 3400002 7020000 16
1002 20340 684 440338 300704 
7240288 1700256 4680512 6820000 16
6760018 3360012 6920010 3600018 2240540 
1800322 160676 1380276 682 76
6500308 800160 6500084 3400136 20356 
3200154 6500324 840552 5460020 41
6180256 4680002 6800004 3680010 6560108 
2600722 160420 5220340 682 98
1002 20340 684 440338 300704 
7320288 1700256 3400512 6820000 16
2580644 4680040 100400 3400168 5460324 
3200556 1700336 2720136 5520326 15
5440322 3360032 1380340 3400552 5460324 
3200058 2660196 3400680 5460020 93
2880640 1280112 7520256 2880208 5600456 
3940596 840290 4320590 5300160 37
1560290 6240396 3240696 3360136 5760384 
3520640 40250 1260000 160042 39
682 20340 3200556 1640346 260704 
7240296 4180020 3400512 6820000 87
160714 372 682 6820340 3200020 
3400682 6820000 3720000 6660064 12
682 6820340 3400000 340340 8520034 
1360340 3360000 6820340 40680 12
1002 20340 684 360346 260704 
7240288 4260000 3400512 7020000 16
1002 20340 684 440338 300704 
7240288 1700256 3720512 6820000 16
5480258 4560052 1440330 3940116 5760308 
3600148 1280088 3380516 6480066 72
6440258 400468 4000010 1680340 3240546 
5560320 3360170 1360272 3260552 15
5460276 3400168 2640708 3400042 5460336 
2720584 1700336 3200550 6420064 69
5200278 3080128 6800084 3240658 3060196 
2600712 6400024 3400168 340580 64
5940292 2600152 2880152 6500004 3400642 
2640244 5460028 680808 1780516 45
5940292 2600232 2960212 6560000 2880720 
340220 5840390 3360162 6820000 76
5840262 2560140 340216 7300004 4280080 
5140476 800428 2920514 5300032 48
5940260 2600104 6780024 2640676 1480104 
180200 5920428 4200530 660544 62
