170 84 42 2560020 6400010 
3200004 6720000 3360000 6800000 19
2980512 200256 2980640 200000 80002 
4 10 1360324 650 95
6500308 800160 1380084 840136 20096 
0 0 512 5140004 58
5540256 3400002 1680000 800000 32 
64 160 100340 682 66
5120258 2560128 1280008 3400040 340020 
200034 400020 40008 20516 47
5120258 0 1380084 840040 340068 
42 100004 200512 5140004 87
2560512 0 0 0 480200 
3940084 840290 1760078 180032 52
0 0 128 3200128 5760384 
3520640 40250 1260000 160042 32
170 84 40034 2560020 6400010 
3200004 5440256 3360000 6800000 19
640650 340 650 5120256 0 
40002 6500000 3400000 6500016 35
170 420084 840000 0 0 
0 840000 6820340 2560170 19
5480258 3200020 1440266 2660020 5120256 
2560004 8 2580516 5120002 73
