42 20 10 4 2 
2560000 6400000 3200000 6720000 59
100512 200256 100000 40000 2 
4 10 80004 10 12
5220260 160008 80016 160008 48 
0 0 2 5140256 26
5140256 3240002 1280000 0 32 
0 0 100020 554 15
40514 5200004 40002 20004 0 
0 0 264 2660516 76
5120258 2560128 0 40000 20004 
40002 80004 40008 20516 44
5120258 0 1360080 800032 320064 
32 0 512 5140004 48
2560512 0 0 0 160008 
100020 200034 160014 20000 85
0 0 0 0 0 
320000 40122 1260000 160042 73
42 20 40002 4 2 
2560000 5120256 3200000 6720000 59
642 320 640 256 0 
40002 100000 200000 5220000 41
2 0 0 0 0 
0 800000 6820340 2560170 72
5480258 3200020 1280008 0 0 
0 0 2580516 5120002 46
2580512 1280256 0 4 40002 
20004 40008 80004 5160002 44
5140260 0 80000 160040 320080 
160000 0 518 5140000 77
20516 2600008 1280000 64 0 
16 80128 2600128 5120258 48
5300004 2600024 320024 80000 0 
0 5120000 768 1280512 18
5760256 2560128 0 160000 16 
340028 80006 2 20000 43
5840262 2560140 340152 1360000 0 
0 0 0 0 91
5120000 0 320000 32 720048 
640024 180012 40002 2 22
