1022 21012 684 360346 260704 
7240288 4260000 3820512 10220000 27
1022 21012 684 440338 300704 
7340288 2540256 4680512 6820000 27
9960018 3680012 6920010 8720018 4800542 
1800322 160740 1380308 1002 89
6500308 6020416 6500116 3720648 180868 
3200154 6500324 840552 5460148 53
10100004 5100512 1700256 1160640 740432 
2600602 640300 6420372 1022 83
2740740 4700040 5260432 3400168 5460324 
3200558 1700336 2740136 5520454 53
5680454 8500036 1380340 4680552 5460452 
3200058 2660196 3400680 5460148 57
2960656 1380116 7560266 2920208 5600456 
3940596 840290 4320590 5300168 21
2740740 4700040 5260432 3400168 5460452 
3200558 1700336 2740136 5520326 57
640926 1020 682 6820340 200320 
3400682 6820000 5100000 9740016 29
1022 21012 684 440338 300704 
7340288 2540256 3720512 6820000 27
1022 21012 684 440338 300704 
7340288 2540256 3400512 9380000 27
3060580 1560352 720660 6540368 180356 
6920330 120464 6280386 1380592 21
7400274 400470 4320526 1680340 4520546 
5580320 3360170 1360274 3260552 57
7400274 400470 4320526 1680340 3320546 
5580320 3360170 1360274 3260552 53
5460332 8540168 1320314 3480672 5460092 
680658 6800084 1480802 6500080 57
1460844 4860008 1700336 2760586 6120280 
2920218 5220448 3400170 5440278 21
5940300 2760200 360202 7460272 3400522 
1320376 5460460 2800166 6200258 21
