10 4 0 0 0 
0 0 2560000 6400000 31
100512 40000 0 0 0 
0 0 4 2 79
5140260 0 0 0 32 
0 0 0 5120000 81
5140004 40000 0 0 32 
0 0 0 512 91
2 20000 0 0 0 
0 0 0 5160258 19
20516 40000 0 0 0 
0 0 0 5120002 27
20516 0 0 0 0 
0 0 2 5140000 98
2560512 0 0 0 0 
0 40000 6 20000 79
0 0 0 0 0 
0 40010 60000 2 87
0 0 0 0 0 
0 0 100020 40008 95
5120258 2560004 0 0 0 
0 0 0 5120000 18
5160002 4 0 0 0 
0 0 0 20512 27
5140256 0 0 0 0 
0 0 6 20000 18
5120000 0 0 0 0 
0 20000 6 80002 22
0 0 0 0 0 
20000 80006 2 20000 68
5200006 4 20000 0 0 
0 0 0 0 23
0 0 0 0 0 
0 180004 40002 2 77
