10 20 2 0 0 
0 5120000 3200000 6400000 33
100512 200000 20000 0 0 
0 2 4 10 77
5140260 0 0 160000 32 
0 0 2 5140256 54
5140004 2600512 80000 0 32 
0 0 0 514 88
40514 5200004 0 0 0 
0 0 0 2580516 39
5120258 2560128 0 0 0 
0 80000 40000 20516 83
20516 0 0 160000 320000 
32 0 2 5140256 54
2560512 0 0 0 0 
100004 40002 6 20000 57
0 0 0 0 0 
0 40026 300000 10 96
10 20 2 0 0 
0 5120000 3200000 6400000 42
0 0 0 0 0 
0 160000 420084 40040 93
2580516 40256 0 0 0 
0 0 40002 20512 33
2580512 1280256 0 0 0 
0 8 4 5160002 83
5140260 0 0 0 320000 
0 0 518 5140000 54
20516 2600008 0 0 0 
0 0 2560000 5120258 73
180004 40008 0 0 0 
0 5120000 768 1280512 43
