1022 20340 684 360346 260704 
7240288 4260000 3400512 10180000 98
1022 20340 684 440338 300704 
7320288 1700256 4680512 6820000 69
6760018 3360012 6920010 3600018 4800540 
1800322 160740 1380308 682 49
6500356 800040 6500336 3400138 5760308 
200712 6500276 3360162 5460328 21
6340256 4680002 6800004 3680010 6560108 
2600722 160420 5220340 702 18
1022 20340 684 440338 300704 
7340288 1700256 3400512 6820000 74
5160298 3480160 6420076 3400168 5460276 
200930 6800084 680136 1620788 89
5520326 3360032 1380340 3400552 5460324 
3200058 2660196 3400680 5460148 29
2880656 1360112 7520264 2880208 5600456 
3940596 840290 4320590 5300160 38
1560290 6240396 3260696 3400138 5760384 
3520640 40250 1260000 160042 58
686 5200340 200418 2960724 7040026 
3460164 5560320 3400130 6820000 92
640926 372 682 6820340 200320 
3400682 6820000 3720000 7180016 92
702 6820340 3400000 5460340 3420544 
1360340 840000 6820340 2560170 79
1022 20340 684 360346 260704 
7240288 4260000 3400512 7660000 92
1022 20340 684 440338 300704 
7320288 1700256 3720512 6820000 69
1022 20340 684 440338 300704 
7320288 1700256 3400512 9380000 69
5480258 4560052 1440330 3940116 5760308 
3600148 3840092 3700516 6480066 87
2980516 1600348 760642 1680340 2760546 
9300020 840680 1360068 7880162 89
5460276 3400168 2640708 3400042 5460336 
2720586 1700336 3280550 6420080 97
1300836 3560008 1700336 2760586 6120280 
2920218 100448 3400168 5440274 16
5940292 2600152 2880152 6980068 3400642 
2640244 5460028 680808 1780516 77
5940292 2600232 2960212 7200000 2880720 
340220 5840406 3360166 6820000 57
5840262 2720172 340216 7300260 4280080 
5140476 800428 2920514 5300032 26
5940260 2760232 6780024 2640676 1480104 
180204 5920428 4200530 660544 68
