42 84 42 20 5120002 
3200000 6720000 3360000 6720000 53
2980512 200256 2660640 200000 2 
4 10 80004 522 82
6500356 800040 1360016 800008 48 
0 0 2 5140256 36
5540256 3400002 1600000 0 32 
0 0 100340 682 73
40514 5200004 40002 20004 512 
1280256 2720512 160264 2660516 42
5120258 2560128 0 200008 340020 
200002 400020 40008 20516 65
5120258 0 1380084 840040 340068 
32 20000 512 5140004 69
2560512 0 0 0 480008 
100084 840034 480078 180032 54
0 0 0 0 640384 
3520128 40250 1260000 160042 51
42 84 40034 20 5120002 
3200000 5440256 3360000 6720000 53
640650 324 640 5120256 0 
40002 100000 2760000 6500016 26
10 100020 40000 0 0 
0 840000 6820340 2560170 15
5480258 3200020 1440010 100020 0 
4 0 2580516 5120002 42
2580512 1280256 0 80020 200034 
20020 200040 80004 5160002 65
5140260 40000 80000 160040 320080 
160072 1680016 518 5140000 38
20516 2600008 1380000 200074 8 
16 80128 2600128 5120258 56
5940292 2600152 320152 1360000 0 
0 5120000 768 1300512 82
