1022 21012 684 360346 260704 
7240288 4260000 3500512 10220000 85
1022 21012 684 440338 300704 
7340288 2500256 4680512 6820000 78
9960018 3360012 6920010 8720018 4800542 
1800322 160740 1380308 1002 25
6500308 6020416 6500116 3400648 180868 
3200154 6500324 840552 5460148 45
6380256 10120002 6800004 3680010 6560108 
2600722 160420 5220372 1022 27
1022 21012 684 440338 300704 
7340288 2540256 3400512 6820000 83
2740740 4700040 5220432 3400168 5460324 
3200558 1700336 2740136 5520454 38
5680454 8500036 1380340 3400552 5460452 
3200058 2660196 3400680 5460148 43
2880656 1380116 7560266 2920208 5600456 
3940596 840290 4320590 5300168 17
640926 1020 682 6820340 200320 
3400682 6820000 3820000 9740016 83
1022 21012 684 440338 300704 
7340288 2500256 3720512 6820000 78
1022 21012 684 440338 300704 
7340288 2500256 3400512 9380000 78
6120274 4560052 1440330 9060116 5760308 
3620660 3840092 3700524 6480066 96
7400274 400470 4320522 1680340 4520546 
5580320 3360170 1360274 3260552 38
7400274 400470 4320522 1680340 3320546 
5580320 3360170 1360274 3260552 38
5460332 8540168 1320314 3400672 5460092 
680658 6800084 1480802 6500080 43
1460844 4840008 1700336 2760586 6120280 
2920218 5220448 3400170 5440278 29
5940292 2760200 360202 7460272 3400522 
1320376 5460460 2800166 6200258 17
5940420 2600184 1660344 3460512 1640346 
5440472 1460844 840808 6820000 21
5940292 3240152 2880664 6980068 3400642 
2640244 5460412 1960808 4340516 93
5840262 3360172 340728 7300260 4280080 
5140476 800428 4280514 5300168 21
6260268 2760232 6780024 2640676 1480104 
2740204 5920428 4280530 660680 21
