702 5120340 426 2880724 7040026 
3460036 6840000 3400002 6860000 94
702 5120340 426 4160596 7040026 
3460036 6800004 3480002 6820000 58
6760018 3360012 6920010 3600018 2240540 
1800322 676 1380276 682 74
6500308 800160 1380084 3400136 20356 
3200154 6500324 840552 5460020 31
6740004 3480512 1700256 1160640 740432 
2600602 640300 6420340 682 14
1002 20340 684 440338 300704 
7240288 1700256 3400512 6820000 67
2580644 4520040 100400 3400168 5460324 
3200556 1700336 2720136 5520326 26
5440322 3360032 1380340 3400552 5460324 
3200058 100196 3400680 5460020 72
2880640 1280112 7520256 2560208 5600456 
3940596 840290 4320590 5300160 45
4560036 1140396 2760234 840136 180012 
520010 2560760 10080000 640672 19
682 20340 3200556 1640346 260704 
7240296 1620020 3400512 6820000 72
640666 372 682 6820340 200320 
3400682 6820000 3720000 6500016 94
682 6820340 3400000 340340 3400034 
1360340 3360000 6820340 40680 51
1002 20340 684 360346 260704 
7240288 4260000 3400512 6860000 96
1002 20340 684 440338 260704 
7240288 1700256 3720512 6820000 58
5480258 4560052 1440330 3940116 5760304 
3600148 1280088 3380516 6480066 58
6440258 400452 4000010 1680340 3240546 
5560320 3360170 1360272 3260552 26
5460276 3400168 2640708 3400042 5460336 
2720584 1680336 3200550 6420064 79
5200278 3080128 6800084 3240658 2900196 
2600712 6400024 3400168 340580 54
5940292 2600152 2880152 6500004 3400130 
2640244 5460028 680808 1780516 59
