10 20 10 4 0 
0 6400000 3200000 6400000 68
100512 200000 100000 0 0 
4 10 4 10 48
5140260 0 80000 160008 48 
0 0 2 5140256 24
5140004 2600512 80000 0 32 
0 0 5120256 642 24
40514 5200004 40002 4 0 
0 0 0 2580516 49
5120258 2560128 0 0 0 
40000 80004 40008 20516 51
20516 0 0 800032 320016 
32 0 2 5140256 33
2560512 0 0 0 160008 
100020 40002 6 20000 76
0 0 0 0 0 
0 40058 620000 160010 95
10 20 2 4 0 
2560000 5120256 3200000 6400000 32
640 320 640 256 0 
0 100000 200000 100000 68
0 0 0 0 0 
0 800000 420084 40680 83
5160258 2560004 1280000 0 0 
0 0 2580516 5120002 37
2580512 1280256 0 0 0 
4 40008 80004 5160002 51
5140260 0 0 160032 320064 
0 0 518 5140000 66
5120258 2600128 0 0 0 
0 8 2600008 20516 33
180004 40008 320008 80000 0 
0 5120000 768 1280512 34
