42 84 42 20 6400010 
3200004 6720000 3360000 6720000 48
2980512 200256 2980640 200000 2 
4 10 80260 650 57
6500308 800160 1360080 840136 96 
0 0 512 5140004 39
5540256 3400002 1680000 0 32 
0 160 100340 682 44
40514 5200004 40514 20260 2560512 
1280256 2720512 160264 2660516 43
5120258 2560128 0 840040 340020 
200034 400020 40008 20516 48
5120258 0 1380084 840040 340068 
42 100000 512 5140004 88
2560512 0 0 0 480200 
1380084 840034 480078 180032 83
0 0 0 2560000 5760384 
3520640 40250 1260000 160042 43
42 84 40034 20 6400010 
3200004 5440256 3360000 6720000 48
640650 340 648 5120256 0 
40002 100000 3400000 6500016 73
42 100084 200000 0 0 
0 840000 6820340 2560170 25
5480258 3200020 1440266 2660020 5120000 
4 0 2580516 5120002 77
2580512 1280256 0 400084 200034 
340020 200040 80004 5160002 48
5140260 200008 80004 160040 320080 
160072 1680016 518 5140000 15
20516 2600008 1380000 200074 40024 
24 80128 2600128 5120258 35
5940292 2600152 320152 1360000 0 
0 5120000 40768 1460516 83
5940260 2600056 320024 720000 64 
5440448 1280768 512 5120000 37
5840262 2560140 340216 1360000 80000 
20008 160012 40002 20000 99
5780260 2600128 320192 1280032 720048 
640024 180012 40002 2 16
