682 20340 680 360346 260704 
7240288 1700000 3400512 6820000 38
682 20340 684 440338 260704 
2120288 1700000 3400512 6820000 72
6760002 3360004 6920010 3520018 2240532 
520322 676 1380276 682 14
6500308 800160 1380084 840136 20100 
3200026 1380068 840552 5460020 63
5540256 3400002 6800004 3680010 6560108 
2600082 164 5220340 682 63
5120258 2680128 6400072 3400168 5460276 
200418 6800084 680136 1620788 32
5440322 3360032 1380084 3400040 340068 
640058 100196 3400680 5460020 32
2560640 1280064 7360256 2560192 5600456 
3940596 840290 4320590 5300160 25
720036 1140140 200234 840008 180012 
520010 2560760 10080000 640672 17
682 20340 2560552 360346 260704 
7240288 1620004 3400512 6820000 67
640650 340 682 6820340 160064 
3400682 6820000 3400000 6500016 25
682 6820340 3400000 340020 840034 
80084 3360000 6820340 40680 44
5480258 3200020 1440330 3940116 5760304 
3520148 1280072 3380516 6480066 67
2580512 1280268 720640 1680340 2760546 
4180020 840680 1360068 7880162 32
5460324 3400168 1320280 840160 340084 
680146 1680084 200770 5220016 31
5200278 3080128 6800084 3240658 2580196 
2600712 6400008 3240136 340516 96
5940292 2600152 320152 1380004 3400002 
80116 5460028 680808 1780516 68
5940292 2600184 1640344 740000 360090 
5440456 1460780 200512 5220000 83
5840262 2560140 340216 2160000 1720064 
5140220 800428 2920514 5300032 54
5940260 2600176 340192 1320032 3280176 
5760152 820428 3000578 5280034 49
