1022 20980 684 360346 260704 
7240288 4260000 3420512 10220000 87
1022 20980 684 440338 300704 
7340288 2340256 4680512 6820000 76
7400018 3360012 6920010 8720018 4800542 
1800322 160740 1380308 746 18
6500308 6000416 6500116 3400648 180356 
3200154 6500324 840552 5460148 29
6380256 9800002 6800004 3680010 6560108 
2600722 160420 5220372 766 25
1022 20980 684 440338 300704 
7340288 2500256 3400512 6820000 78
2740740 4680040 5220400 3400168 5460324 
3200558 1700336 2740136 5520454 29
5680454 3380036 1380340 3400552 5460324 
3200058 2660196 3400680 5460148 21
2880656 1360116 7560266 2920208 5600456 
3940596 840290 4320590 5300160 29
1560290 6240396 3260696 3400138 5840388 
3560648 40250 1260000 160042 66
766 5200340 200418 2960724 7040026 
3460164 5560320 3400130 7020000 96
