1022 5120510 430 2880724 7040026 
3460036 6840000 10200002 10220000 74
1022 21020 940 440338 300704 
7340288 2540256 4760512 6820000 85
3180576 1240384 3620640 1820576 600962 
3600532 640318 6480358 702 29
6500308 6020416 6500116 3740648 180996 
3200158 6500324 840552 5460148 65
10100004 5100512 1740256 1160640 740432 
2600602 640316 6420380 1022 34
1022 21020 940 440338 300704 
7340288 2540256 5000512 6820000 87
2740740 4700040 5260432 8520168 5460460 
3200558 1700336 2740136 5520454 56
5680454 8500036 1380340 4680552 5460460 
8320062 2660196 3400680 5460148 76
2980656 1380628 7560266 2920216 5600456 
3940596 840290 4320590 5300168 59
2740740 4700040 5260432 8520168 5460460 
3200574 1700336 2740136 5520326 78
640926 1022 938 6820340 200320 
3400682 6820000 10220000 9740016 78
1022 21020 940 360346 260704 
7240288 4260000 5100512 10220000 78
1022 21020 940 440338 300704 
7340288 2540256 4680512 7460000 85
1022 21020 940 440338 300704 
7340288 2540256 4680512 9380000 85
6120274 9680054 1440330 9060116 5780308 
3620660 3840092 3700524 6480082 38
7400274 400470 4320526 1680852 4600546 
5740320 3360170 1360274 3260552 78
5460332 8540168 1320314 3480672 8020220 
680658 6800084 1480866 6500080 63
1460844 4860520 1740336 2760586 6120408 
2920218 5220448 3400170 5440278 43
5940420 3260184 2900664 6980068 3400642 
2640244 5460412 1960808 4340516 61
