42 20 10 4 5120002 
2560000 6400000 3200000 6720000 26
2660512 200256 100000 40000 2 
4 10 80004 10 31
5220260 800008 80016 160008 48 
0 0 2 5140256 25
5460256 3240002 1280000 0 32 
0 0 100020 554 84
40514 5200004 40002 20004 0 
0 160000 264 2660516 71
5120258 2560128 0 200000 20004 
40002 80004 40008 20516 43
5120258 0 1360080 840032 320064 
32 0 512 5140004 47
2560512 0 0 0 160008 
100020 200034 480014 20000 95
0 0 0 0 0 
320000 40250 1260000 160042 64
42 20 40002 4 5120002 
2560000 5120256 3200000 6720000 26
642 320 640 5120256 0 
40002 100000 200000 5220000 96
2 0 0 0 0 
0 840000 6820340 2560170 22
5480258 3200020 1280008 16 0 
0 0 2580516 5120002 36
