170 84 42 2560020 6400010 
3200004 6720000 3360000 6720000 93
2980512 200256 2980640 200000 80002 
4 10 80324 650 83
6500308 800160 1380084 840136 96 
0 0 512 5140004 59
5540256 3400002 1680000 640000 32 
64 160 100340 682 46
5120258 2560128 8 3400040 340020 
200034 400020 40008 20516 37
5120258 0 1380084 840040 340068 
42 100004 40512 5140004 86
2560512 0 0 0 480200 
1380084 840290 1760078 180032 62
0 0 0 3200128 5760384 
3520640 40250 1260000 160042 33
170 84 40034 2560020 6400010 
3200004 5440256 3360000 6720000 93
