682 340 170 2560020 6400010 
3200004 6800000 3400000 6820000 46
2980512 840256 2980640 200000 400002 
20 42 6480324 682 44
6500308 800160 1380084 840136 20100 
10 100000 40512 5140004 78
5540256 3400002 6800004 3360002 32 
80 160 5220340 682 47
20516 40008 100144 3400168 5460324 
3200544 1620320 2560128 5120258 68
5120258 0 1380084 840040 340068 
640042 100004 840552 5460020 74
2560512 0 0 0 5600456 
3940596 840290 4320590 5300032 93
0 20012 200010 200008 180012 
520010 2560760 10080000 640672 13
682 340 40162 2560020 6400010 
3200004 5520256 3400000 6820000 46
640650 340 682 5120336 0 
840002 6820000 3400000 6500016 48
682 6820340 3400000 4 0 
0 3360000 6820340 40680 59
5480258 3200020 1440266 2660020 5120288 
3200020 1280072 3220516 5120002 93
