1022 20852 684 360346 260704 
7240288 4260000 3400512 10220000 89
1022 20852 684 440338 300704 
7340288 1700256 4680512 6820000 74
6760018 3360012 6920010 8720018 4800540 
1800322 160740 1380308 746 16
6500356 820044 6500336 3400138 5760308 
200712 6500276 3360162 5460328 27
6380256 4680002 6800004 3680010 6560108 
2600722 160420 5220340 766 21
1022 20852 684 440338 300704 
7340288 2340256 3400512 6820000 76
2580676 4680040 5220400 3400168 5460324 
3200558 1700336 2740136 5520454 16
5520454 3380032 1380340 3400552 5460324 
3200058 2660196 3400680 5460148 16
2880656 1360116 7560264 2880208 5600456 
3940596 840290 4320590 5300160 48
1560290 6240396 3260696 3400138 5840388 
3520640 40250 1260000 160042 67
702 5200340 200418 2960724 7040026 
3460164 5560320 3400130 6860000 94
640926 884 682 6820340 200320 
3400682 6820000 3720000 9740016 89
766 6820340 3400000 5460340 3420544 
1360340 5960000 6820340 2560170 31
1022 20852 684 440338 300704 
7340288 1700256 3720512 6820000 74
1022 20852 684 440338 300704 
7340288 1700256 3400512 9380000 74
6120258 4560052 1440330 3940116 5760308 
3600148 3840092 3700524 6480066 16
