682 20340 680 360346 260704 
5960288 1700000 3400512 6820000 63
682 340 684 440338 260704 
2120288 1700000 3400512 6820000 29
6760002 3360004 6760010 3520018 2240532 
520322 676 1380276 682 34
6500308 800160 1380084 840136 20100 
640026 1380068 840552 5460020 62
5540256 3400002 6800004 3680010 6400108 
2600082 164 5220340 682 56
5120258 2600128 6400072 3400168 5460276 
200418 6800084 680136 1620788 23
5440322 3360032 1380084 840040 340068 
640058 100196 3400680 5460020 42
2560640 1280064 7040256 2560192 5600456 
3940596 840290 4320590 5300160 35
720036 1140012 200234 840008 180012 
520010 2560760 10080000 640672 27
682 20340 2560552 360346 260704 
5960288 1620004 3400512 6820000 63
640650 340 682 6820340 64 
3400682 6820000 3400000 6500016 56
682 6820340 3400000 340020 200034 
80084 3360000 6820340 40680 54
5480258 3200020 1440330 3940116 5760304 
3520020 1280072 3380516 6480066 63
