42 20 10 4 0 
2560000 6400000 3200000 6720000 51
100512 200000 100000 40000 2 
4 10 80004 10 22
5220260 160000 80016 160008 48 
0 0 2 5140256 23
5140256 3240002 1280000 0 32 
0 0 100020 522 95
40514 5200004 40002 20004 0 
0 0 8 2660516 82
5120258 2560128 0 40000 20000 
40002 80004 40008 20516 52
20516 0 1360016 800032 320016 
32 0 2 5140256 36
2560512 0 0 0 160008 
100020 200002 160014 20000 75
0 0 0 0 0 
0 40122 1260000 160042 65
42 20 40002 4 0 
2560000 5120256 3200000 6720000 51
642 320 640 256 0 
40000 100000 200000 5220000 69
0 0 0 0 0 
0 800000 6820340 2560170 11
5160258 3200020 1280008 0 0 
0 0 2580516 5120002 15
