682 340 170 2560084 6400010 
3360036 6800000 3400000 6820000 45
2980512 840256 2980640 520064 400066 
20 42 6480324 682 56
6500308 800160 1380084 840136 20100 
10 100004 200520 5140004 95
5540256 3400002 6800004 3360010 1280036 
80 160 5220340 682 51
20516 40008 100144 3400168 5460324 
3200556 1700320 2560128 5120258 86
5120258 2560000 1380084 840040 340068 
640058 100068 840552 5460020 82
2560512 0 0 2560128 5600456 
3940596 840290 4320590 5300160 33
80004 180012 200010 200008 180012 
520010 2560760 10080000 640672 35
682 340 40162 2560084 6400010 
3360036 5520256 3400000 6820000 45
640650 340 682 5120340 0 
3400034 6820000 3400000 6500016 45
682 6820340 3400000 20004 2 
4 3360000 6820340 40680 58
5480258 3200020 1440266 2660020 5120288 
3200020 1280072 3380516 6400066 44
5160002 80004 1440010 1680340 3240546 
5560320 3200170 1280256 2580512 86
5460276 3400168 80196 800040 320080 
160072 1680080 3200518 5140000 93
5200278 3080128 6800084 3240658 2580192 
192 1280008 2600008 20516 62
5940292 2600152 320152 1380000 200002 
80004 5460028 40776 1460516 42
5940292 2600232 400212 1440000 16 
340028 5840390 2560002 6420000 52
5840262 2560140 340216 1360000 1360000 
5140140 800428 2920514 5140000 55
5940260 2600176 320192 1280032 720048 
5760024 820396 2920578 5120002 96
