686 5120340 426 2880724 7040026 
3460036 6840000 3400002 6860000 14
686 5120340 426 4160596 7040026 
3460036 6800004 3480002 6820000 14
6760018 3360012 6920010 3600018 2240532 
1800322 676 1380276 682 53
6500308 800160 1380084 3400136 20100 
3200154 6500324 840552 5460020 52
6740004 3480512 1700256 1160640 740432 
2600602 640296 6420340 682 72
938 20340 684 440338 300704 
7240288 1700256 3400512 6820000 14
5160266 2840128 6400076 3400168 5460276 
200418 6800084 680136 1620788 25
5440322 3360032 1380340 3400552 5460068 
3200058 100196 3400680 5460020 52
2880640 1280112 7520256 2560192 5600456 
3940596 840290 4320590 5300160 46
2000036 1140396 2760234 840136 180012 
520010 2560760 10080000 640672 18
682 20340 3200552 1640346 260704 
7240296 1620020 3400512 6820000 38
640650 372 682 6820340 200320 
3400682 6820000 3720000 6500016 16
682 6820340 3400000 340340 3400034 
1360084 3360000 6820340 40680 62
938 20340 684 360346 260704 
7240288 4260000 3400512 6860000 14
938 20340 684 440338 260704 
7240288 1700256 3720512 6820000 14
5480258 4480052 1440330 3940116 5760304 
3600148 1280088 3380516 6480066 27
2660516 1280284 760640 1680340 2760546 
4180020 840680 1360068 7880162 25
5460276 3400168 2640708 3400040 5460336 
2720584 1680336 3200550 6420064 49
5200278 3080128 6800084 3240658 2900196 
2600712 6400008 3400168 340580 74
5940292 2600152 320152 6500004 3400130 
2640244 5460028 680808 1780516 38
5940292 2600184 1640344 740000 360090 
5440472 1460780 840520 5540000 85
5840262 2560140 340216 2180004 4280080 
5140220 800428 2920514 5300032 68
5940260 2600176 2980192 1320042 3280176 
5760152 820428 3000578 5280034 42
