5940268 2560216 400208 2020052 2760002 
80016 340024 2600088 5940292 62
5840262 2560140 340216 2160000 1680064 
6260136 0 1360626 5460216 6100152 
800040 1520610 0 6100152 69
5460408 0 4080546 1040146 6100152 
400208 1520610 0 6100152 69
5620136 320000 1360626 5460216 5620200 
800160 2000562 0 5620200 69
6260136 0 1360626 5460216 6100152 
800040 1520610 0 6100152 69
5460408 0 4080546 1040146 6100152 
400208 1520610 0 6100152 69
5620136 320000 1360626 5460216 5620200 
800160 2000562 0 5620200 69
5460408 0 4080546 1040146 6100152 
400208 1520610 0 6100152 69
5620136 320000 1360626 5460216 5620200 
800160 2000562 0 5620200 69
1380560 40450 5600204 2580072 7160256 
5520192 640408 2600520 5300004 68
