682 340 170 2560084 6400010 
3360004 6800000 3400000 6820000 65
2980512 840256 2980640 520064 400002 
20 42 6480324 682 54
6500308 800160 1380084 840136 20100 
10 100004 200512 5140004 87
5540256 3400002 6800004 3360010 1280032 
80 160 5220340 682 58
20516 40008 100144 3400168 5460324 
3200548 1700320 2560128 5120258 67
5120258 2560000 1380084 840040 340068 
640042 100068 840552 5460020 66
2560512 0 0 2560000 5600456 
3940596 840290 4320590 5300160 43
80004 20012 200010 200008 180012 
520010 2560760 10080000 640672 24
682 340 40162 2560084 6400010 
3360004 5520256 3400000 6820000 65
640650 340 682 5120340 0 
3400002 6820000 3400000 6500016 65
682 6820340 3400000 20004 2 
0 3360000 6820340 40680 68
5480258 3200020 1440266 2660020 5120288 
3200020 1280072 3220516 6400066 86
5160002 80004 1440010 1680340 3240546 
5480320 3200170 1280256 2580512 67
5460276 3400168 80196 800040 320080 
160072 1680016 3200518 5140000 74
5200278 3080128 6800084 3240656 2580192 
192 1280008 2600008 20516 41
5940292 2600152 320152 1380000 40002 
80004 5460028 40776 1460516 54
5940292 2600232 400212 1440000 16 
340028 5840262 2560002 6420000 73
5840262 2560140 340216 1360000 1360000 
5140140 800396 2920514 5140000 75
5940260 2600104 320024 80032 1440096 
180192 5920396 2920514 20512 84
