42 84 10 4 5120002 
2560000 6400000 3200000 6720000 84
2660512 200256 100512 40000 2 
4 10 80004 10 15
5220260 800040 80016 160008 48 
0 0 2 5140256 17
5460256 3240002 1280000 0 32 
0 0 100084 554 26
40514 5200004 40002 20004 0 
0 160512 264 2660516 86
5120258 2560128 0 200008 20004 
40002 80004 40008 20516 64
5120258 0 1360080 840040 320064 
32 0 512 5140004 39
2560512 0 0 0 160008 
100020 200034 480014 20032 96
0 0 0 0 0 
960000 40250 1260000 160042 63
42 84 40002 4 5120002 
2560000 5120256 3200000 6720000 84
642 320 640 5120256 0 
40002 100000 200000 5220016 14
2 4 0 0 0 
0 840000 6820340 2560170 21
5480258 3200020 1440008 16 0 
0 0 2580516 5120002 48
