682 84 42 2560020 6400010 
3200004 6720000 3360000 6800000 91
2980512 200256 2980640 200000 80002 
4 10 1360324 682 81
6500308 800160 1380084 840136 20100 
0 0 512 5140004 79
5540256 3400002 1680000 800000 32 
80 160 100340 682 81
5120258 2560128 1280008 3400168 340020 
200034 400020 40008 20516 39
5120258 0 1380084 840040 340068 
42 100004 200520 5140004 95
2560512 0 0 0 480456 
3940084 840290 1760078 180032 51
0 0 2560128 3200128 5760384 
3520640 40250 1260000 160042 31
682 84 40034 2560020 6400010 
3200004 5440256 3360000 6800000 91
640650 340 682 5120256 0 
40002 6500000 3400000 6500016 75
682 420084 840000 0 0 
0 840000 6820340 2560170 27
5480258 3200020 1440266 2660020 5120256 
2560004 1280008 2580516 5120002 66
2580512 1280256 80128 1680340 200034 
340020 200040 80004 5160002 39
5460276 840040 80004 160040 320080 
160072 1680016 518 5140000 44
20516 3240008 1700080 200074 40024 
24 80128 2600128 5120258 13
5940292 2600152 320152 1360000 0 
80000 5440008 40776 1460516 74
