682 340 170 2880596 6400010 
3380036 6800000 3400000 6820000 81
682 340 680 360338 260640 
840288 1700000 3400000 6820000 81
6760002 3360004 6760010 3520016 2240528 
160320 676 1380276 682 61
6500308 800160 1380084 840136 20100 
10 100004 840520 5460020 85
5540256 3400002 6800004 3360010 6400036 
2560082 160 5220340 682 78
20516 40008 100144 3400168 5460324 
3200556 1700336 2720128 5200258 87
5120258 3200000 1380084 840040 340068 
640058 100196 3400552 5460020 83
2560512 0 6400256 2560128 5600456 
3940596 840290 4320590 5300160 44
80036 500012 200042 200008 180012 
520010 2560760 10080000 640672 26
682 340 40162 2880596 6400010 
3380036 5520256 3400000 6820000 81
