1022 20980 684 360346 260704 
7240288 4260000 3500512 10220000 25
1022 20980 684 440338 300704 
7340288 2500256 4680512 6820000 25
9960018 3360012 6920010 8720018 4800542 
1800322 160740 1380308 746 98
6500308 6020416 6500116 3400648 180356 
3200154 6500324 840552 5460148 51
10100004 3820512 1700256 1160640 740432 
2600602 640300 6420372 1018 92
1022 20980 684 440338 300704 
7340288 2540256 3400512 6820000 25
2740740 4700040 5220400 3400168 5460324 
3200558 1700336 2740136 5520454 35
5680454 8500036 1380340 3400552 5460324 
3200058 2660196 3400680 5460148 53
2880656 1380116 7560266 2920208 5600456 
3940596 840290 4320590 5300160 97
2740740 4700040 5220432 3400168 5460324 
3200558 1700336 2740136 5520326 53
640926 1012 682 6820340 200320 
3400682 6820000 3820000 9740016 27
1022 20980 684 440338 300704 
7340288 2500256 3720512 6820000 25
1022 20980 684 440338 300704 
7340288 2500256 3400512 9380000 25
6120274 4560052 1440330 9060116 5760308 
3600660 3840092 3700524 6480066 69
7400274 400470 4320522 1680340 3240546 
5580320 3360170 1360274 3260552 53
7400274 400470 4320522 1680340 3240546 
5580320 3360170 1360274 3260552 57
5460404 8540168 2640740 3400042 5460336 
2720586 1700336 3280550 6500080 53
1460836 4840008 1700336 2760586 6120280 
2920218 5220448 3400170 5440278 17
5940292 2760200 360202 7460272 3400522 
1320376 5460460 2800166 6160258 98
