682 340 680 360338 100640 
840288 1700000 3400000 6820000 61
682 340 680 360338 100640 
840288 1700000 3400000 6820000 56
2980512 840256 2980640 520064 560066 
20 298 6480324 682 64
6500308 800160 1380084 840136 20100 
10 100004 200520 5460020 84
5540256 3400002 6800004 3360010 6400036 
82 160 5220340 682 62
20516 40008 100144 3400168 5460324 
3200556 1700336 2720128 5120258 97
5120258 2560000 1380084 840040 340068 
640058 100196 3400552 5460020 24
2560512 0 1280256 2560128 5600456 
3940596 840290 4320590 5300160 31
80004 500012 200042 200008 180012 
520010 2560760 10080000 640672 15
682 340 40162 2880596 6400010 
3360036 5520256 3400000 6820000 61
640650 340 682 5440340 0 
3400162 6820000 3400000 6500016 47
682 6820340 3400000 20020 40002 
4 3360000 6820340 40680 67
5480258 3200020 1440266 2660084 5120288 
3200020 1280072 3380516 6480066 45
5160002 80004 1440010 1680340 3240546 
5560320 3360170 1280272 2580512 97
5460276 3400168 80196 800040 320080 
160072 1680080 3200518 6420064 62
5200278 3080128 6800084 3240658 2580196 
40192 1280008 2600008 20516 68
5940292 2600152 320152 1380004 200002 
80004 5460028 680776 1460516 64
