682 340 170 2560084 6400010 
3200004 6800000 3400000 6820000 64
2980512 840256 2980640 200064 400002 
20 42 6480324 682 45
6500308 800160 1380084 840136 20100 
10 100004 40512 5140004 86
5540256 3400002 6800004 3360010 32 
80 160 5220340 682 53
20516 40008 100144 3400168 5460324 
3200548 1620320 2560128 5120258 77
5120258 0 1380084 840040 340068 
640042 100068 840552 5460020 22
2560512 0 0 0 5600456 
3940596 840290 4320590 5300160 42
80000 20012 200010 200008 180012 
520010 2560760 10080000 640672 12
682 340 40162 2560084 6400010 
3200004 5520256 3400000 6820000 64
