10 20 10 0 0 
0 5120000 3200000 6400000 77
100512 200000 20000 0 0 
0 10 4 10 37
5140260 0 0 160000 48 
0 0 2 5140256 33
5140004 2600512 80000 0 32 
0 0 256 514 89
40514 5200004 2 0 0 
0 0 0 2580516 38
5120258 2560128 0 0 0 
0 80000 40008 20516 62
20516 0 0 160000 320016 
32 0 2 5140256 46
2560512 0 0 0 8 
100004 40002 6 20000 56
0 0 0 0 0 
0 40026 300000 160010 75
10 20 2 4 0 
0 5120000 3200000 6400000 68
0 0 0 0 0 
0 160000 420084 40168 74
2580516 40256 80000 0 0 
0 0 40002 20512 88
2580512 1280256 0 0 0 
0 8 80004 5160002 62
5140260 0 0 0 320064 
0 0 518 5140000 46
20516 2600008 0 0 0 
0 128 2560000 5120258 88
180004 40008 0 80000 0 
0 5120000 768 1280512 33
5120000 0 0 0 0 
340028 80006 2 20000 46
5200006 12 340024 80000 0 
0 0 0 0 28
5120000 0 0 0 80000 
24 180012 40002 2 64
