1022 20852 684 360346 260704 
7240288 4260000 3420512 10220000 23
1022 20852 684 440338 300704 
7340288 2340256 4680512 6820000 23
7400018 3360012 6920010 8720018 4800540 
1800322 160740 1380308 746 51
6500356 2100044 6500336 3400138 5760308 
200712 6500276 3360162 5460328 35
6380256 9800002 6800004 3680010 6560108 
2600722 160420 5220340 766 85
1022 20852 684 440338 300704 
7340288 2500256 3400512 6820000 23
5800298 3480160 6420076 3400168 5460276 
200930 6800084 5800136 1620796 14
5680454 3380032 1380340 3400552 5460324 
3200058 2660196 3400680 5460148 28
2880656 1360116 7560264 2920208 5600456 
3940596 840290 4320590 5300160 39
1560290 6240396 3260696 3400138 5840388 
3520648 40250 1260000 160042 68
702 5200340 200418 2960724 7040026 
3460164 5560320 3400130 7020000 16
