42 84 42 20 5120002 
2560000 6720000 3360000 6720000 66
2980512 200256 2660640 40000 2 
4 10 80004 522 46
6500356 800040 1360016 160008 48 
0 0 2 5140256 46
5540256 3400002 1280000 0 32 
0 0 100340 682 35
40514 5200004 40002 20004 512 
256 2720512 160264 2660516 63
5120258 2560128 0 200008 20020 
200002 400020 40008 20516 55
5120258 0 1380084 840040 340068 
32 0 512 5140004 79
2560512 0 0 0 160008 
100084 840034 480078 180032 55
0 0 0 0 640128 
3520128 40250 1260000 160042 52
42 84 40034 20 5120002 
2560000 5440256 3360000 6720000 66
