1022 21020 1004 360346 260704 
7240288 5060000 5100512 10220000 36
1022 21020 1004 440338 300704 
7340288 2540256 5100512 6820000 36
3180576 1260384 3780640 1820576 600962 
3600534 640318 6480358 702 94
10100004 5100512 2540256 1160640 740432 
2600634 640316 6420380 1022 59
2740740 4700040 5260432 8520168 5620460 
3200558 1740848 2740136 5520454 84
2740740 4700040 5260432 8520168 5460460 
3200574 1740848 3060136 5520326 84
640926 1022 1002 6820340 200320 
3400682 7020000 10220000 9740016 36
1022 21020 1004 360346 260704 
7240288 4460000 5100512 10220000 36
1022 21020 1004 440338 300704 
7340288 2540256 5080512 7460000 36
1022 21020 1004 440338 300704 
7340288 2540256 5080512 9380000 36
6120274 9680054 1440334 9060116 5780308 
3620660 3840124 4980524 6480082 92
7400274 400470 4320526 1680852 4600546 
5740320 8480174 1360306 3260552 84
1460844 4860520 1740336 4040586 6120408 
8040218 5220480 3400170 5440278 93
5940300 7880232 5480202 7500272 3400522 
1320888 5460460 2800230 6200258 53
5940300 7880232 5480202 7500272 3400522 
1320888 5460460 2800166 6200386 53
2100780 5980424 5440218 7620260 4280080 
5140508 800430 4280514 5780168 96
6260388 8380184 8300192 1320314 3280178 
5800440 820428 4280578 5280170 94
1460804 5980424 5440218 7620260 9400080 
5140508 800940 4280514 5780168 96
