1022 21020 684 360346 260704 
7240288 4260000 3820512 10220000 83
1022 21020 684 440338 300704 
7340288 2540256 4680512 6820000 87
9960018 3680012 6920010 8720018 4800542 
1800322 160740 1380820 1002 27
6500308 6020416 6500116 3720648 180996 
3200154 6500324 840552 5460148 49
10100004 5100512 1700256 1160640 740432 
2600602 640300 6420380 1022 32
1022 21020 684 440338 300704 
7340288 2540256 4680512 6820000 85
2740740 4700040 5260432 3400168 5460452 
3200558 1700336 2740136 5520454 41
5680454 8500036 1380340 4680552 5460460 
3200058 2660196 3400680 5460148 61
2960656 1380628 7560266 2920208 5600456 
3940596 840290 4320590 5300168 19
2740740 4700040 5260432 3400168 5460460 
3200558 1700336 2740136 5520326 41
640926 1022 682 6820340 200320 
3400682 6820000 5100000 9740016 81
1022 21020 684 440338 300704 
7340288 2540256 3720512 6820000 83
1022 21020 684 440338 300704 
7340288 2540256 4680512 6820000 94
1022 21020 684 440338 300704 
7340288 2540256 3400512 9380000 83
6120274 9680052 1440330 9060116 5760308 
3620660 3840092 3700524 6480082 29
