1022 5120510 430 2880724 7040026 
3460036 7000000 10200002 10220000 34
1022 21020 940 440338 300704 
7340288 2540256 5080512 6820000 34
3180576 1260384 3620640 1820576 600962 
3600532 640318 6480358 702 69
6500308 6020416 6500116 3740648 180996 
3520158 6500324 840552 5460148 82
10100004 5100512 1900256 1160640 740432 
2600602 640316 6420380 1022 65
2740740 4700040 5260432 8520168 5620460 
3200558 1700336 2740136 5520454 71
2980656 1380628 7560266 2920216 5620456 
3940596 840290 4320590 5300168 71
2740740 4700040 5260432 8520168 5460460 
3200574 1740336 2740136 5520326 71
