1022 20852 684 360346 260704 
7240288 4260000 3420512 10220000 23
1022 20852 684 440338 300704 
7340288 2340256 4680512 6820000 23
7400018 3360012 6920010 8720018 4800540 
1800322 160740 1380308 746 51
6500356 2100044 6500336 3400138 5760308 
200712 6500276 3360162 5460328 35
6380256 9800002 6800004 3680010 6560108 
2600722 160420 5220340 766 85
1022 20852 684 440338 300704 
7340288 2500256 3400512 6820000 23
5800298 3480160 6420076 3400168 5460276 
200930 6800084 5800136 1620796 14
5680454 3380032 1380340 3400552 5460324 
3200058 2660196 3400680 5460148 28
2880656 1360116 7560264 2920208 5600456 
3940596 840290 4320590 5300160 39
160974 374 682 6820340 3200020 
3400682 6820000 8840000 9260064 23
1022 20852 684 440338 300704 
7340288 2340256 3720512 6820000 23
1022 20852 684 440338 300704 
7340288 2340256 3400512 9380000 23
6120274 4560052 1440330 3940116 5760308 
3600148 3840092 3700524 6480066 41
3140580 1600348 760642 1680340 2760546 
9300020 840680 1360580 7880162 35
5460332 3420168 1320282 3400672 5460084 
680658 6800084 1480802 6500080 35
1460836 3560008 1700336 2760586 6120280 
2920218 5220448 3400168 5440278 89
5940292 3240152 2880152 6980068 3400642 
2640244 5460412 680808 1780516 87
5940292 2600232 2960212 7240000 2960724 
340220 5840406 3360166 6820000 49
1460772 840424 5440218 7300260 4280080 
5140476 800428 4200514 5780032 93
5940260 2760232 6780024 2640676 1480104 
2740204 5920428 4280530 660672 93
