1022 5120510 446 2880724 7040026 
3460036 7000000 10200002 10220000 76
1022 21020 1004 440338 300704 
7340288 2540256 5080512 6820000 89
3180576 1260384 3620640 1820576 600962 
3600534 640318 6480358 702 36
6500308 6020416 6500116 3740648 180996 
3520158 6500324 840808 5460148 76
10100004 5100512 1900256 1160640 740432 
2600634 640316 6420380 1022 36
2740740 4700040 5260432 8520168 5620460 
3200558 1700848 2740136 5520454 78
2980656 1380628 7560266 2920216 5620456 
3940596 840802 4320590 5300168 92
1560290 6240396 3260696 3720138 5840420 
3560664 40250 7660256 2720170 59
1022 5200502 200418 2960724 7040026 
3460164 5560320 8840130 10220000 83
