682 340 42 2560020 6400010 
3200004 6720000 3400000 6820000 37
2980512 840256 2980640 200000 80002 
4 42 6480324 682 66
6500308 800160 1380084 840136 20100 
2 100000 512 5140004 67
5540256 3400002 1680004 3360000 32 
80 160 5220340 682 49
20516 40008 100144 3400168 5460320 
3200544 1600320 2560128 5120258 58
5120258 0 1380084 840040 340068 
42 100004 840520 5460020 85
2560512 0 0 0 5600456 
3940596 840290 4320078 180032 81
0 256 3200640 3200128 5760384 
3520640 40250 1260000 160042 21
682 340 40034 2560020 6400010 
3200004 5440256 3400000 6820000 37
640650 340 682 5120320 0 
200002 6820000 3400000 6500016 46
682 6820340 3360000 0 0 
0 3360000 6820340 40680 48
5480258 3200020 1440266 2660020 5120288 
3200020 1280008 2580516 5120002 84
