682 340 170 2560020 6400010 
3200004 6720000 3400000 6820000 73
2980512 840256 2980640 200000 80002 
20 42 6480324 682 55
6500308 800160 1380084 840136 20100 
10 100000 512 5140004 88
5540256 3400002 1680004 3360002 32 
80 160 5220340 682 31
20516 40008 100144 3400168 5460324 
3200544 1600320 2560128 5120258 79
5120258 0 1380084 840040 340068 
42 100004 840552 5460020 64
2560512 0 0 0 5600456 
3940596 840290 4320590 180032 91
0 5120256 3200640 3200128 5760384 
3520640 40250 1260000 160042 23
682 340 40162 2560020 6400010 
3200004 5440256 3400000 6820000 73
640650 340 682 5120336 0 
200002 6820000 3400000 6500016 64
682 6820340 3360000 4 0 
0 3360000 6820340 40680 38
5480258 3200020 1440266 2660020 5120288 
3200020 1280008 3220516 5120002 74
5160002 80004 1440010 1680340 3240546 
5440320 3200160 1280256 2580512 79
5460276 3400040 80196 800040 320080 
160072 1680016 518 5140000 82
1300836 3560008 1700080 200074 40024 
24 80128 2600128 5120258 42
5940292 2600152 320152 1380000 40000 
80000 5440028 40776 1460516 51
