682 20340 684 360346 260704 
7240288 1700000 3400512 6820000 72
682 20340 684 440338 260704 
2120288 1700256 3400512 6820000 61
6760018 3360004 6920010 3520018 2240532 
520322 676 1380276 682 43
6500308 800160 1380084 840136 20100 
3200154 1380068 840552 5460020 71
5540256 3400002 6800004 3680010 6560108 
2600210 164 5220340 682 76
5120258 2680128 6400076 3400168 5460276 
200418 6800084 680136 1620788 12
5440322 3360032 1380340 3400040 340068 
640058 100196 3400680 5460020 51
2560640 1280096 7360256 2560192 5600456 
3940596 840290 4320590 5300160 15
2000036 1140140 200234 840008 180012 
520010 2560760 10080000 640672 47
682 20340 2560552 360346 260704 
7240296 1620004 3400512 6820000 43
640650 372 682 6820340 160064 
3400682 6820000 3400000 6500016 85
682 6820340 3400000 340084 840034 
80084 3360000 6820340 40680 63
5480258 3200020 1440330 3940116 5760304 
3600148 1280072 3380516 6480066 76
