10 20 10 0 0 
0 6400000 3200000 6400000 42
100512 200000 100000 0 0 
0 10 4 10 68
5140260 0 80000 160000 48 
0 0 2 5140256 43
5140004 2600512 80000 0 32 
0 0 5120256 514 97
40514 5200004 40002 0 0 
0 0 0 2580516 48
5120258 2560128 0 0 0 
40000 80000 40008 20516 72
20516 0 0 800000 320016 
32 0 2 5140256 45
2560512 0 0 0 160008 
100004 40002 6 20000 66
0 0 0 0 0 
0 40058 300000 160010 85
640 320 512 256 0 
40000 20000 200000 100000 78
0 0 0 0 0 
0 800000 420084 40168 91
2580516 40256 80000 0 0 
0 0 40258 20512 89
2580512 1280256 0 0 0 
4 8 80004 5160002 72
5140260 0 0 160000 320064 
0 0 518 5140000 45
5120258 2600128 0 0 0 
0 8 2600000 20516 83
180004 40008 8 80000 0 
0 5120000 768 1280512 35
