682 20340 680 360338 100704 
5960288 1700000 3400512 6820000 56
682 340 680 440338 260704 
840288 1700000 3400512 6820000 63
6760002 3360004 6760010 3520016 2240532 
480322 676 1380276 682 62
6500308 800160 1380084 840136 20100 
640010 100068 840552 5460020 73
5540256 3400002 6800004 3360010 6400044 
2600082 164 5220340 682 45
20516 40008 100144 3400168 5460324 
3200556 1700336 2720136 5520262 22
5440322 3200000 1380084 840040 340068 
640058 100196 3400680 5460020 26
2560512 64 7040256 2560192 5600456 
3940596 840290 4320590 5300160 23
720036 1140012 200106 200008 180012 
520010 2560760 10080000 640672 37
682 20340 2560552 360338 100704 
5960288 1620004 3400512 6820000 56
