10 4 2 0 0 
0 5120000 2560000 6400000 24
100512 40000 20000 0 0 
0 2 4 2 97
5140260 0 0 0 32 
0 0 512 5140000 98
5140256 2600000 0 0 32 
0 0 0 514 29
40514 5120000 0 0 0 
0 0 0 2580516 28
20516 40008 0 0 0 
0 0 2560000 5120002 92
20516 0 0 0 320000 
0 0 2 5140256 65
2560512 0 0 0 0 
20000 40002 6 20000 68
0 0 0 0 0 
0 40010 140000 10 86
0 0 0 0 0 
0 160000 100020 40040 84
5160258 2560004 0 0 0 
0 0 0 5120002 82
5160002 80004 0 0 0 
0 0 256 20512 92
5140260 0 0 0 0 
0 0 6 5140000 81
5120256 2560000 0 0 0 
0 20000 6 80002 14
