682 340 42 2560020 6400010 
3200004 6720000 3360000 6820000 82
2980512 200256 2980640 200000 80002 
4 42 6480324 682 24
6500308 800160 1380084 840136 20100 
2 20000 512 5140004 77
5540256 3400002 1680004 800000 32 
80 160 5220340 682 42
20516 40008 100144 3400168 5440320 
3200544 1600320 2560128 5120258 59
5120258 0 1380084 840040 340068 
42 100004 200520 5460020 84
2560512 0 0 0 5600456 
3940596 840290 1760078 180032 82
0 0 3200640 3200128 5760384 
3520640 40250 1260000 160042 22
682 340 40034 2560020 6400010 
3200004 5440256 3360000 6820000 82
640650 340 682 5120320 0 
40002 6820000 3400000 6500016 66
682 1700340 840000 0 0 
0 840000 6820340 2560170 29
5480258 3200020 1440266 2660020 5120256 
3200020 1280008 2580516 5120002 55
5160002 80004 1440010 1680340 3200544 
5440320 3200160 1280256 2580512 59
5460276 840040 80068 800040 320080 
160072 1680016 518 5140000 22
1300580 3240008 1700080 200074 40024 
24 80128 2600128 5120258 25
5940292 2600152 320152 1360000 40000 
80000 5440024 40776 1460516 72
5940260 2600232 400212 1440000 16 
340028 80006 2560002 5140000 71
5840262 2560140 340216 1360000 80000 
5140012 160268 2600514 5140000 76
5940260 2600176 320192 1280032 720048 
640024 180012 2600514 5120002 61
