42 84 42 4 5120002 
2560000 6400000 3360000 6720000 75
2980512 200256 100640 40000 2 
4 10 80004 10 32
6500292 800040 80016 160008 48 
0 0 2 5140256 37
5460256 3400002 1280000 0 32 
0 0 100084 682 17
40514 5200004 40002 20004 0 
256 160512 160264 2660516 72
5120258 2560128 0 200008 20020 
200002 80004 40008 20516 75
5120258 0 1380084 840040 320064 
32 0 512 5140004 59
2560512 0 0 0 160008 
100020 200034 480078 180032 74
0 0 0 0 640000 
960128 40250 1260000 160042 53
42 84 40034 4 5120002 
2560000 5120256 3360000 6720000 75
640642 324 640 5120256 0 
40002 100000 200000 5220016 82
10 20004 0 0 0 
0 840000 6820340 2560170 32
5480258 3200020 1440008 80020 0 
0 0 2580516 5120002 39
