42 20 10 4 0 
2560000 6400000 3200000 6400000 95
100512 200000 100000 40000 2 
4 10 4 10 87
5140260 160000 80016 160008 48 
0 0 2 5140256 13
5140256 3240002 1280000 0 32 
0 0 20020 522 87
40514 5200004 40002 20004 0 
0 0 8 2580516 97
5120258 2560128 0 0 20000 
40002 80004 40008 20516 42
20516 0 80016 800032 320016 
32 0 2 5140256 37
2560512 0 0 0 160008 
100020 200002 14 20000 86
0 0 0 0 0 
0 40058 1260000 160042 74
42 20 40002 4 0 
2560000 5120256 3200000 6400000 95
642 320 640 256 0 
40000 100000 200000 100000 91
0 0 0 0 0 
0 800000 6800340 2560170 81
5160258 3200004 1280008 0 0 
0 0 2580516 5120002 26
2580512 1280256 0 0 2 
20004 40008 80004 5160002 42
5140260 0 0 160032 320080 
160000 0 518 5140000 37
5120258 2600128 80000 16 0 
0 8 2600008 20516 77
5300004 40008 320024 80000 0 
0 5120000 768 1280512 24
5120256 2560000 0 160000 16 
340028 80006 2 20000 14
5840262 2560140 340024 80000 0 
0 0 0 0 47
5120000 0 0 0 720048 
640024 180012 40002 2 35
