10 4 0 0 0 
0 0 2560000 5120000 97
20512 40000 0 0 0 
0 0 4 2 17
5140260 0 0 0 32 
0 0 0 0 91
20004 40000 0 0 32 
0 0 0 512 19
2 0 0 0 0 
0 0 0 5160258 21
20516 40000 0 0 0 
0 0 0 2 91
20516 0 0 0 0 
0 0 2 20000 99
2560512 0 0 0 0 
0 0 6 20000 78
0 0 0 0 0 
0 40002 60000 2 77
0 0 0 0 0 
0 0 20020 40008 87
20516 40000 0 0 0 
0 0 0 20000 28
5160002 4 0 0 0 
0 0 0 20000 91
5120256 0 0 0 0 
0 0 6 20000 19
5120000 0 0 0 0 
0 20000 2 80002 88
0 0 0 0 0 
20000 80006 2 0 99
80006 4 20000 0 0 
0 0 0 0 19
0 0 0 0 0 
0 20004 40002 2 76
