1022 21020 684 360346 260704 
7240288 4260000 5100512 10220000 32
1022 21020 684 440338 300704 
7340288 2540256 4760512 6820000 32
3180576 1240384 3620640 1820576 600962 
3600532 640314 6480358 702 78
6500308 6020416 6500116 3740648 180996 
3200154 6500324 840552 5460148 68
10100004 5100512 1740256 1160640 740432 
2600602 640300 6420380 1022 74
1022 21020 684 440338 300704 
7340288 2540256 5000512 6820000 32
2740740 4700040 5260432 8520168 5460452 
3200558 1700336 2740136 5520454 57
5680454 8500036 1380340 4680552 5460460 
8320058 2660196 3400680 5460148 68
2980656 1380628 7560266 2920208 5600456 
3940596 840290 4320590 5300168 47
2740740 4700040 5260432 8520168 5460460 
3200558 1700336 2740136 5520326 66
160974 1022 682 6820340 3200020 
3400682 6820000 10220000 9260064 32
1022 21020 684 440338 300704 
7340288 2540256 4680512 7460000 32
1022 21020 684 440338 300704 
7340288 2540256 4680512 9380000 32
6120274 9680054 1440330 9060116 5760308 
3620660 3840092 3700524 6480082 59
7400274 400470 4320526 1680852 4600546 
5580320 3360170 1360274 3260552 66
5460332 8540168 1320314 3480672 8020220 
680658 6800084 1480802 6500080 86
1460844 4860520 1740336 2760586 6120280 
2920218 5220448 3400170 5440278 53
5940420 3260184 2880664 6980068 3400642 
2640244 5460412 1960808 4340516 31
5940420 2620184 1660856 3500512 1640346 
5440472 1460844 840808 6820000 61
5940420 3260152 2880664 6980068 3400642 
2640244 5460412 1960808 4340524 31
6000262 3380172 340728 7300260 4280080 
5140476 800940 4280514 5300168 17
6260268 7900232 6780024 2640740 1480104 
2740204 5920428 4280530 660680 59
1460804 5980424 5440218 7300260 4280080 
5140476 800428 4280514 5780168 65
