682 84 42 2560020 6400010 
3200004 6720000 3360000 6820000 28
2980512 200256 2980640 200000 80002 
4 10 6480324 682 75
6500308 800160 1380084 840136 20100 
0 20000 512 5140004 69
5540256 3400002 1680000 800000 32 
80 160 5220340 682 38
20516 40008 100128 3400168 5440320 
3200544 1600320 2560128 5120258 36
5120258 0 1380084 840040 340068 
42 100004 200520 5460004 96
2560512 0 0 0 5600456 
3940084 840290 1760078 180032 61
0 0 2560640 3200128 5760384 
3520640 40250 1260000 160042 34
682 84 40034 2560020 6400010 
3200004 5440256 3360000 6820000 28
160650 340 682 20004 0 
2560512 6820000 3400000 6500064 44
682 1700084 840000 0 0 
0 840000 6820340 2560170 28
5480258 3200020 1440266 2660020 5120256 
2560020 1280008 2580516 5120002 64
5160002 80004 1280010 1680340 3200544 
5440320 3200160 1280256 2580512 36
5460276 840040 80004 800040 320080 
160072 1680016 518 5140000 34
1300516 3240008 1700080 200074 40024 
24 80128 2600128 5120258 14
5940292 2600152 320152 1360000 0 
80000 5440024 40776 1460516 52
