682 20340 680 360338 100640 
5960288 1700000 3400512 6820000 54
682 340 680 440338 260640 
840288 1700000 3400512 6820000 54
6760002 3360004 6760010 3520016 2240528 
480322 676 1380276 682 52
6500308 800160 1380084 840136 20100 
640010 100004 840552 5460020 74
5540256 3400002 6800004 3360010 6400036 
2600082 164 5220340 682 57
20516 40008 100144 3400168 5460324 
3200556 1700336 2720136 5520258 98
5440258 3200000 1380084 840040 340068 
640058 100196 3400680 5460020 14
2560512 0 7040256 2560192 5600456 
3940596 840290 4320590 5300160 24
80036 1140012 200106 200008 180012 
520010 2560760 10080000 640672 16
682 20340 2560552 360338 100640 
5960288 1620004 3400512 6820000 54
640650 340 682 6800340 0 
3400170 6820000 3400000 6500016 61
682 6820340 3400000 20020 200034 
80004 3360000 6820340 40680 66
5480258 3200020 1440266 2660116 5760304 
3200020 1280072 3380516 6480066 65
5160002 80004 1440010 1680340 3240546 
5560320 3360170 1360272 2580552 98
5460324 3400168 1280280 800160 340080 
680144 1680084 200770 5220016 61
5200278 3080128 6800084 3240658 2580196 
2600200 6400008 2600008 20516 69
5940292 2600152 320152 1380004 200002 
80020 5460028 680808 1780516 56
