10 20 10 0 0 
0 6400000 3200000 6400000 42
<<<<<<< HEAD
20516 0 0 800000 320064 
32 0 512 5140004 45
20516 0 1280000 800000 96 
0 0 512 5140004 45
5140000 516 0 800000 0 
0 8 260 5140008 83
20512 4 320000 640000 320064 
16 0 4 5140256 45
=======
100512 200000 100000 0 0 
0 10 4 10 68
5140260 0 80000 160000 48 
0 0 2 5140256 43
5140004 2600512 80000 0 32 
0 0 5120256 514 97
40514 5200004 40002 0 0 
0 0 0 2580516 48
5120258 2560128 0 0 0 
40000 80000 40008 20516 72
20516 0 0 800000 320016 
32 0 2 5140256 45
2560512 0 0 0 160008 
100004 40002 6 20000 66
>>>>>>> 92c8ec59099d6702c2fb7d37f853a76a886389f6
