42 84 10 4 5120002 
2560000 6400000 3360000 6720000 35
2980512 200256 100512 40000 2 
4 10 80004 10 33
6500260 800040 80016 160008 48 
0 0 2 5140256 15
5460256 3400002 1280000 0 32 
0 0 100084 554 93
40514 5200004 40002 20004 0 
0 160512 160264 2660516 62
5120258 2560128 0 200008 20004 
200002 80004 40008 20516 54
5120258 0 1380080 840040 320064 
32 0 512 5140004 38
2560512 0 0 0 160008 
100020 200034 480014 180032 84
0 0 0 0 0 
960128 40250 1260000 160042 54
42 84 40002 4 5120002 
2560000 5120256 3360000 6720000 35
640642 320 640 5120256 0 
40002 100000 200000 5220016 28
2 20004 0 0 0 
0 840000 6820340 2560170 13
5480258 3200020 1440008 20 0 
0 0 2580516 5120002 47
