1018 20340 684 360346 260704 
7240288 4260000 3400512 10180000 18
1018 20340 684 440338 300704 
7320288 1700256 4680512 6820000 18
6760018 3360012 6920010 3600018 4800540 
1800322 160740 1380276 682 85
6500308 800160 6500084 3400648 180356 
3200154 6500324 840552 5460020 93
6340256 4680002 6800004 3680010 6560108 
2600722 160420 5220340 686 96
1018 20340 684 440338 300704 
7340288 1700256 3400512 6820000 18
5160298 3480160 6420076 3400168 5460276 
200418 6800084 680136 1620788 69
5520322 3360032 1380340 3400552 5460324 
3200058 2660196 3400680 5460148 18
2880640 1360112 7520264 2880208 5600456 
3940596 840290 4320590 5300160 16
1560290 6240396 3260696 3360138 5760384 
3520640 40250 1260000 160042 48
682 5200340 200418 2960724 7040026 
3460164 5560320 3400130 6820000 12
640922 372 682 6820340 200320 
3400682 6820000 3720000 7180016 18
686 6820340 3400000 5460340 3420544 
1360340 840000 6820340 2560170 14
1018 20340 684 360346 260704 
7240288 4260000 3400512 7660000 18
1018 20340 684 440338 300704 
7320288 1700256 3720512 6820000 18
1018 20340 684 440338 300704 
7320288 1700256 3400512 9380000 18
5480258 4560052 1440330 3940116 5760308 
3600148 3840092 3380516 6480066 85
2980516 1600348 760642 1680340 2760546 
4180020 840680 1360068 7880162 69
5460276 3400168 2640708 3400042 5460336 
2720586 1700336 3280550 6420064 96
5200278 3080128 6800084 3240658 3060196 
2920728 6400024 3400168 340580 72
5940292 2600152 2880152 6820068 3400642 
2640244 5460028 680808 1780516 44
5940292 2600232 2960212 7200000 2880720 
340220 5840406 3360162 6820000 88
5840262 2720140 340216 7300260 4280080 
5140476 800428 2920514 5300032 25
5940260 2760104 6780024 2640676 1480104 
180204 5920428 4200530 660544 27
