42 84 42 20 5120010 
3200000 6720000 3360000 6720000 57
2980512 200256 2660640 200000 2 
4 10 80260 522 35
6500308 800160 1360080 800128 96 
0 0 512 5140004 48
5540256 3400002 1600000 0 32 
0 128 100340 682 37
40514 5200004 40002 20260 512 
1280256 2720512 160264 2660516 52
5120258 2560128 0 200008 340020 
200034 400020 40008 20516 46
5120258 0 1380084 840040 340068 
34 20000 512 5140004 77
2560512 0 0 0 480072 
100084 840034 480078 180032 63
0 0 0 0 5760384 
3520128 40250 1260000 160042 61
42 84 40034 20 5120010 
3200000 5440256 3360000 6720000 57
640650 340 640 5120256 0 
40002 100000 2760000 6500016 84
42 100020 40000 0 0 
0 840000 6820340 2560170 34
5480258 3200020 1440010 2660020 0 
4 0 2580516 5120002 32
2580512 1280256 0 80020 200034 
340020 200040 80004 5160002 46
5140260 40000 80004 160040 320080 
160072 1680016 518 5140000 26
20516 2600008 1380000 200074 24 
16 80128 2600128 5120258 58
5940292 2600152 320152 1360000 0 
0 5120000 40768 1300512 92
5300260 2600024 320024 720000 64 
5440448 1280768 512 5120000 16
5840262 2560140 340216 1360000 0 
20000 160012 40002 20000 53
5780256 2560128 320192 1280032 720048 
640024 180012 40002 2 28
