682 20340 684 360346 260704 
7240288 4260000 3400512 6820000 12
682 20340 684 440338 260704 
7240288 1700256 3400512 6820000 12
6760018 3360004 6920010 3600018 2240532 
520322 676 1380276 682 23
6500308 800160 1380084 840136 20100 
3200154 6500068 840552 5460020 72
5540256 3400002 6800004 3680010 6560108 
2600210 160164 5220340 682 61
5160258 2680128 6400076 3400168 5460276 
200418 6800084 680136 1620788 13
5440322 3360032 1380340 3400040 5460068 
640058 100196 3400680 5460020 41
2880640 1280096 7360256 2560192 5600456 
3940596 840290 4320590 5300160 26
2000036 1140140 200234 840136 180012 
520010 2560760 10080000 640672 38
682 20340 2560552 1640346 260704 
7240296 1620004 3400512 6820000 76
640650 372 682 6820340 160064 
3400682 6820000 3720000 6500016 52
682 6820340 3400000 340084 840034 
1360084 3360000 6820340 40680 42
5480258 3200020 1440330 3940116 5760304 
3600148 1280088 3380516 6480066 23
2580516 1280268 760640 1680340 2760546 
4180020 840680 1360068 7880162 13
5460324 3400168 1320282 3400160 340084 
680146 1680084 200770 5220016 85
5200278 3080128 6800084 3240658 2580196 
2600712 6400008 3400136 340580 85
5940292 2600152 320152 1380004 3400002 
2640244 5460028 680808 1780516 49
5940292 2600184 1640344 740000 360090 
5440456 1460780 200520 5540000 64
5840262 2560140 340216 2180000 1720080 
5140220 800428 2920514 5300032 42
5940260 2600176 420192 1320034 3280176 
5760152 820428 3000578 5280034 47
