1022 20980 684 360346 260704 
7240288 4260000 3420512 10220000 87
1022 20980 684 440338 300704 
7340288 2340256 4680512 6820000 76
7400018 3360012 6920010 8720018 4800542 
1800322 160740 1380308 746 18
6500308 6000416 6500116 3400648 180356 
3200154 6500324 840552 5460148 29
6380256 9800002 6800004 3680010 6560108 
2600722 160420 5220372 766 25
1022 20980 684 440338 300704 
7340288 2500256 3400512 6820000 78
2740740 4680040 5220400 3400168 5460324 
3200558 1700336 2740136 5520454 29
5680454 3380036 1380340 3400552 5460324 
3200058 2660196 3400680 5460148 21
2880656 1360116 7560266 2920208 5600456 
3940596 840290 4320590 5300160 29
2740740 4680040 5220432 3400168 5460324 
3200558 1700336 2740136 5520326 29
640926 1012 682 6820340 200320 
3400682 6820000 3740000 9740016 87
1022 20980 684 440338 300704 
7340288 2340256 3720512 6820000 76
1022 20980 684 440338 300704 
7340288 2340256 3400512 9380000 76
6120274 4560052 1440330 9060116 5760308 
3600148 3840092 3700524 6480066 61
7400274 400468 4320522 1680340 3240546 
5580320 3360170 1360274 3260552 29
5460404 8520168 2640740 3400042 5460336 
2720586 1700336 3280550 6500080 29
5840278 3080128 6800084 3240658 3060196 
2920728 6420028 3400680 340836 23
5940292 2760200 360200 7460272 3400522 
1320376 5460460 2800166 6160258 39
