682 340 680 360338 100640 
5960288 1700000 3400512 6820000 29
682 340 680 360338 260640 
840288 1700000 3400512 6820000 47
6760002 3360004 6760010 3520016 2240528 
160322 676 1380276 682 65
6500308 800160 1380084 840136 20100 
10 100004 840552 5460020 64
5540256 3400002 6800004 3360010 6400036 
2560082 164 5220340 682 68
20516 40008 100144 3400168 5460324 
3200556 1700336 2720136 5200258 95
5120258 3200000 1380084 840040 340068 
640058 100196 3400680 5460020 15
2560512 0 6400256 2560192 5600456 
3940596 840290 4320590 5300160 34
