10 20 10 4 0 
2560000 6400000 3200000 6400000 15
100512 200000 100000 40000 0 
4 10 4 10 59
5140260 160000 80000 160008 48 
0 0 2 5140256 34
5140004 2760512 80000 0 32 
0 0 5120256 642 86
40514 5200004 40002 20004 0 
0 0 0 2580516 87
5120258 2560128 0 0 20000 
40000 80004 40008 20516 61
20516 0 80000 800032 320016 
32 0 2 5140256 34
2560512 0 0 0 160008 
100020 200002 6 20000 87
0 0 0 0 0 
0 40058 620000 160042 84
10 20 40002 4 0 
2560000 5120256 3200000 6400000 15
640 320 640 256 0 
40000 100000 200000 100000 19
0 0 0 0 0 
0 800000 1700084 40680 82
2580516 40256 80128 0 0 
0 0 5160258 20512 24
2580512 1280256 0 0 2 
4 40008 80004 5160002 61
5140260 0 0 160032 320064 
160000 0 518 5140000 56
5120258 2600128 80000 0 0 
0 8 2600008 20516 44
180004 40008 320024 80000 0 
0 5120000 768 1280512 19
