1022 21020 1020 360346 260704 
7240288 5060000 5100512 10220000 78
1022 21020 1020 440338 300704 
7340288 2540256 5100512 6820000 92
3180576 1260384 3780640 1820576 600962 
3600534 640318 6480358 766 38
10100004 5100512 2540256 1160640 740944 
2600634 640316 6420380 1022 41
2740740 4700040 5260432 8520168 5620460 
3200558 1740848 2740200 5520454 96
2740740 4700040 5260432 8520168 5460460 
3200574 1740848 3060200 5520326 99
640926 1022 1018 6820340 200320 
3400682 7020000 10220000 9740016 74
1022 21020 1020 360346 260704 
7240288 4460000 5100512 10220000 74
1022 21020 1020 440338 300704 
7340288 2540256 5080512 7460000 89
1022 21020 1020 440338 300704 
7340288 2540256 5080512 9380000 89
1460844 4860520 1740336 4040586 6120408 
8040218 5220480 3400170 5440406 78
5940420 3260184 2900664 9540068 3480642 
2640246 5460412 1960824 4340516 93
