682 340 680 360336 100640 
840288 1700000 3400000 6820000 49
2980512 840256 2980640 520064 560066 
20 42 6480324 682 72
6500308 800160 1380084 840136 20100 
10 100004 200520 5460004 96
5540256 3400002 6800004 3360010 6400036 
80 160 5220340 682 69
20516 40008 100144 3400168 5460324 
3200556 1700320 2720128 5120258 76
5120258 2560000 1380084 840040 340068 
640058 100068 3400552 5460020 73
2560512 0 1280000 2560128 5600456 
3940596 840290 4320590 5300160 32
80004 180012 200042 200008 180012 
520010 2560760 10080000 640672 25
682 340 40162 2880084 6400010 
3360036 5520256 3400000 6820000 49
