42 84 42 20 6400010 
3200000 6720000 3360000 6720000 62
2980512 200256 2980640 200000 2 
4 10 80260 522 93
6500308 800160 1360080 840128 96 
0 0 512 5140004 47
5540256 3400002 1680000 0 32 
0 128 100340 682 75
40514 5200004 40002 20260 2560512 
1280256 2720512 160264 2660516 31
5120258 2560128 0 840008 340020 
200034 400020 40008 20516 45
5120258 0 1380084 840040 340068 
34 100000 512 5140004 67
2560512 0 0 0 480072 
1380084 840034 480078 180032 53
0 0 0 0 5760384 
3520640 40250 1260000 160042 42
42 84 40034 20 6400010 
3200000 5440256 3360000 6720000 62
640650 340 640 5120256 0 
40002 100000 3400000 6500016 37
42 100020 200000 0 0 
0 840000 6820340 2560170 26
5480258 3200020 1440266 2660020 0 
4 0 2580516 5120002 51
2580512 1280256 0 80084 200034 
340020 200040 80004 5160002 45
5140260 200000 80004 160040 320080 
160072 1680016 518 5140000 27
20516 2600008 1380000 200074 40024 
16 80128 2600128 5120258 67
5940292 2600152 320152 1360000 0 
0 5120000 40768 1300516 94
